1#AA:-2697.13 878.463 -2426.75 -686.072 1967.65 -770.106 599.714 -518.198 -131.667 -31.7095 88.7766 -585.637 -230.533 24.4372 -99.8978 
2#AA:-4729.3 -2042.44 -448.8 -936.926 826.882 1222.9 -629.77 1421.73 -234.037 -163.247 -140.415 102.507 -187.127 -4.9984 414.36 
3#AA:-4531.86 -2236.01 221.285 -841.287 -1200.75 -3.36127 1698.01 132.578 -2.6614 583.466 85.7564 83.5155 203.433 -13.3739 507.559 
4#AA:-1444.74 3358.68 -2997.56 -340.348 -314.179 22.122 -44.5112 -247.087 -122.078 -297.409 -242.593 844.341 354.486 -83.7749 561.989 
5#AA:-5277.37 -3008.54 -896.102 -335.545 -1269.41 -482.039 -1274.25 -918.346 345.14 -156.853 46.9282 -203.911 -68.4866 -14.2114 77.3488 
6#BB:-3803.03 -1161.89 1363.63 2466.44 767.215 -1599.23 -21.2489 274.829 -166.689 84.7458 18.9048 450.634 -85.9808 6.53084 1506.95 
7#BB:-733.523 1659.14 2233.22 -599.462 1022.54 894.841 -494.725 -564.798 580.328 823.185 525.54 296.494 114.88 41.1987 -320.52 
8#BB:-729.31 1218.13 2538.22 -279.347 -413.692 579.361 523.69 -470.889 -383.214 -1081.96 248.259 118.795 -550.118 124.694 101.86 
9#BB:-2150.07 4264.43 -744.375 1383.37 -1270.04 321.659 -148.634 678.568 235.66 325.183 160.027 -557.242 -234.14 57.8152 423.678 
10#BB:-1126.78 1217.89 2658.33 -154.125 209.04 11.712 -132.731 -162.052 -241.441 -135.044 -855.959 -451.659 647.401 -195.164 115.736 
11#ZC:4663.14 -1637.82 -945.055 1007.52 15.9753 714.503 -123.521 -69.3068 -883.83 -180.951 700.217 -220.309 640.159 8.49298 -56.8128 
12#ZC:4635.23 -2021.54 -1019.46 1391.56 367.614 1186.12 500.384 -258.527 1075.82 -217.226 -471.479 12.8419 -64.2926 202.687 -253.111 
13#ZC:6392.12 -511.706 -249.775 -165.822 -347.904 89.3906 -260.573 -347.818 -941.097 804.461 -464.688 119.333 -607.296 -49.4023 -501.834 
14#ZC:5919.76 -233.743 232.006 -610.85 -113.814 -781.701 43.8678 463.87 607.944 -249.136 266.419 -6.59915 -119.291 -776.172 -778.01 
15#ZC:5612.86 256.934 481.197 -1299.11 -247.116 -1406.17 -235.709 585.447 261.819 -107.502 34.3063 -3.10348 186.906 671.241 -1699.29 
